527108
526868
526356
533658
529946
525858
526878
527920
528420
526356
532524
526888
527410
526898
529980
525868
525936
533612
526920
528468
525912
525586
526422
527994
527584
532574
533584
525820
530066
528484
525940
533640
532490
528056
533654
529050
525598
528544
529100
526274
529096
527064
526538
527052
529116
528610
526052
527736
526578
526558
527120
525562
526090
528208
525574
528208
528368
524594
528162
524582
537382
533640
524594
525088
532252
525622
526146
529198
527164
525660
527176
528314
526712
529262
533496
526686
527232
529248
526390
527220
526840
528016
525714
526230
525722
527274
526234
526242
525730
526262
527846
533464
526286
526298
528368
525940
527888
533482
